# all_means
1.0000000000000000
1.0000000000000000
1.0000000000000000
1.0000000000000000
1.2000000000000020
1.1666666666666683
1.1428571428571417
1.2500000000000000
1.2222222222222248
1.0999999999999981
1.0000000000000000
1.0000000000000000
1.0769230769230793
1.0000000000000000
1.0000000000000000
0.9375000000000000
0.8823529411764690
0.9444444444444432
1.0000000000000000
1.0499999999999980
1.0000000000000000
1.0000000000000000
1.0434782608695636
1.0416666666666679
1.0400000000000020
1.0384615384615372
1.0740740740740753
1.1071428571428581
1.1034482758620674
1.1333333333333360
1.1290322580645153
1.0937500000000000
1.0909090909090926
1.0588235294117669
1.0571428571428598
1.0277777777777759
1.0270270270270281
1.0000000000000000
1.0256410256410231
1.0499999999999980
1.0731707317073182
1.0476190476190499
1.0232558139534873
1.0000000000000000
0.9777777777777754
0.9565217391304363
0.9361702127659582
0.9583333333333325
0.9795918367346949
0.9800000000000004
0.9803921568627452
0.9615384615384626
0.9622641509433972
0.9444444444444432
0.9636363636363646
0.9642857142857127
0.9824561403508768
0.9827586206896548
0.9830508474576288
0.9666666666666676
0.9672131147540988
0.9838709677419358
0.9682539682539659
0.9843750000000000
1.0000000000000000
1.0151515151515154
1.0000000000000000
1.0000000000000000
0.9855072463768123
0.9857142857142847
0.9718309859154921
0.9722222222222240
0.9863013698630140
0.9864864864864852
0.9733333333333327
0.9605263157894751
0.9740259740259762
0.9615384615384626
0.9746835443037998
0.9749999999999988
0.9629629629629622
0.9634146341463424
0.9759036144578335
0.9761904761904772
0.9647058823529413
0.9767441860465125
0.9885057471264380
0.9886363636363632
0.9887640449438208
0.9777777777777754
0.9670329670329647
0.9673913043478269
0.9677419354838718
0.9680851063829767
0.9684210526315798
0.9583333333333325
0.9587628865979382
0.9489795918367332
0.9393939393939381
0.9399999999999987
