# all_means
1.0000000000000000
1.0000000000000000
1.0000000000000000
1.0000000000000000
1.0000000000000000
1.0000000000000000
1.0000000000000000
1.0000000000000000
1.0000000000000000
0.9000000000000008
0.8181818181818176
0.7500000000000000
0.6923076923076930
0.6428571428571442
0.6000000000000010
0.5625000000000000
0.5294117647058835
0.6111111111111124
0.6315789473684195
0.6499999999999991
0.6666666666666659
0.6818181818181815
0.6956521739130449
0.7083333333333337
0.6800000000000002
0.6538461538461536
0.6296296296296280
0.6071428571428559
0.5862068965517229
0.5666666666666680
0.5483870967741926
0.5312500000000000
0.5151515151515155
0.5000000000000000
0.4857142857142858
0.4722222222222216
0.4594594594594596
0.4473684210526307
0.4358974358974359
0.4249999999999997
0.4146341463414631
0.4285714285714286
0.4418604651162786
0.4545454545454538
0.4666666666666667
0.4782608695652181
0.4893617021276597
0.5000000000000000
0.5102040816326525
0.5200000000000010
0.5294117647058835
0.5384615384615397
0.5471698113207550
0.5555555555555567
0.5636363636363630
0.5714285714285708
0.5789473684210534
0.5862068965517229
0.5932203389830516
0.6000000000000010
0.6065573770491796
0.6129032258064503
0.6190476190476200
0.6250000000000000
0.6307692307692316
0.6363636363636349
0.6417910447761200
0.6470588235294126
0.6521739130434773
0.6571428571428579
0.6619718309859144
0.6666666666666659
0.6712328767123295
0.6756756756756768
0.6800000000000002
0.6842105263157893
0.6883116883116871
0.6923076923076930
0.6962025316455684
0.7000000000000013
0.7037037037037034
0.7073170731707328
0.7108433734939740
0.7142857142857142
0.7176470588235300
0.7209302325581399
0.7241379310344829
0.7272727272727276
0.7303370786516862
0.7333333333333339
0.7362637362637371
0.7391304347826092
0.7419354838709670
0.7446808510638289
0.7473684210526319
0.7500000000000000
0.7525773195876296
0.7551020408163257
0.7575757575757567
0.7600000000000002
